time,x,y,z,phi,theta,psi,x_velocity,y_velocity,z_velocity,phi_velocity,theta_velocity,psi_velocity,rotor_speed1,rotor_speed2,rotor_speed3,rotor_speed4
0.06,-3.3567238118e-07,2.07368885463e-07,10.0068307411,0.000181004525026,6.28267930905,0.0,6.16083816785e-06,1.85760098698e-05,0.227672976164,0.0084549173435,-0.0362504218112,0.0,477.1779829347602,474.4031742526154,475.2615535091293,475.90897471086095
0.12000000000000001,1.71683622539e-05,6.50015875432e-06,10.0219663718,0.000439056056765,6.28076673652,0.0,0.000769276499581,0.000228907370043,0.276836736335,-0.00567050023166,-0.0243162401464,0.0,419.36229168619883,420.3970002511266,421.7816647682331,420.5601218912986
0.18,0.000112968571791,2.71304998264e-05,10.039436752,6.2829920219,6.27947925089,0.0,0.0025491267815,0.000416506687311,0.305501418254,-0.0226896881554,-0.0162804782524,0.0,412.8340491089891,413.54231227111205,415.03535001017957,413.5392545821011
0.23999999999999996,0.000334035980787,4.42626614194e-05,10.0576230864,6.28151909062,6.27816800736,0.0,0.00491583262634,3.22421769154e-05,0.300710577853,-0.0285531692099,-0.0363592803223,0.0,402.6591095137611,400.83871718746457,403.28712552024183,402.7570864861355
0.3,0.000745921056524,3.98140056851e-06,10.0796567894,6.28035503325,6.27635114837,0.0,0.00902484416203,-0.00152392311914,0.433702917423,-0.005519292675,-0.0202806996086,0.0,446.28911134188763,447.59898382058975,446.8471697687728,448.7206124709897
0.36000000000000004,0.0014581251871,-0.000157483114452,10.1122122296,6.27991536062,6.27471350927,0.0,0.0148776748738,-0.00390364514071,0.651378052194,-0.0112155569594,-0.047484715562,0.0,474.18910603945824,472.0947639700283,473.08004771710205,472.64141953160913
0.4200000000000001,0.00252964820016,-0.000459130757461,10.1535022187,6.27885426944,6.2716794793,0.0,0.0211270432292,-0.00623131340101,0.724907655765,-0.0355614745004,-0.0575786899997,0.0,428.6035859400971,427.7432019321787,430.62017214119123,428.55604023260224
0.48000000000000015,0.00407542870064,-0.000941160050808,10.2022318812,6.27676979279,6.26799966994,0.0,0.0307991475085,-0.0100740361848,0.899286733208,-0.0331497017346,-0.0701452557694,0.0,461.1384349820436,460.142221970959,460.2171056707185,460.4074672410868
0.5400000000000001,0.00626630617017,-0.00169119646237,10.2600094587,6.2749004836,6.26341211888,0.0,0.0426898171832,-0.0151306721076,1.02651713624,-0.0274385731229,-0.0937018505902,0.0,447.7162323726815,445.790893532556,445.6645093222917,446.13067064495465
0.6000000000000002,0.00922686505513,-0.00276382736478,10.3231175579,6.27309861973,6.25778055721,0.0,0.0565271845989,-0.0207858734382,1.07702621872,-0.0357972746243,-0.0941760191945,0.0,421.49425373285493,421.4452870215111,422.97821790902236,422.2574854824469
0.6600000000000003,0.0131296299964,-0.00421364373359,10.3894040196,6.27083790519,6.25223173648,0.0,0.0740974916448,-0.0277506425483,1.13245136289,-0.0417338945504,-0.0892903146197,0.0,422.55680472876736,422.97001727403284,425.0872084492349,424.5774800179111
0.7200000000000003,0.0184011907691,-0.00621016297443,10.4655572065,6.26813039813,6.24739011782,0.0,0.102257364994,-0.0391271793296,1.40566610284,-0.0529544466133,-0.06747529109,0.0,489.77708036416254,491.39189910438307,490.24887573105684,489.4135408123742
0.7800000000000004,0.0252706444616,-0.00886994640869,10.552316647,6.26620902267,6.24335096661,0.0,0.127121144438,-0.0497660260163,1.48619335881,-0.00743453517125,-0.0670089495366,0.0,432.4603906671357,432.4961339065666,431.274206569188,435.10073437419084
0.8400000000000004,0.0338167435778,-0.0122421781041,10.6464644258,6.26560562708,6.23939786217,0.0,0.158184386228,-0.0626955519676,1.65181934733,-0.0158975878186,-0.0637281012776,0.0,459.8286673988053,460.0854115132991,459.65202719413827,458.9810351749796
0.9000000000000005,0.0442842675747,-0.0163941103975,10.7498826179,6.26457076111,6.23649697281,0.0,0.191075774721,-0.0758058118302,1.79521840702,-0.0200947559129,-0.0281470851403,0.0,451.9219487556788,454.7788847493895,453.59116145695253,453.2540797949819
0.9600000000000005,0.0567241339525,-0.0213330890434,10.8606790537,6.26357900056,6.23468621491,0.0,0.223756202915,-0.0889352932019,1.89781716236,-0.0102126906849,-0.0345887526922,0.0,442.171401448579,441.6401360399045,440.0507512888811,440.86803359308436
1.0200000000000005,0.0712277990302,-0.0271041009502,10.9789401751,6.26307189464,6.23241675809,0.0,0.259920879975,-0.103487452316,2.04395300305,-0.00514395403798,-0.045238781466,0.0,455.04286741692334,454.18889496817695,455.3939833238157,455.79934298896666
1.0800000000000005,0.088219740071,-0.0338630340672,11.1111577503,6.26239989069,6.22993134781,0.0,0.306792336275,-0.121858212152,2.3626706459,-0.0274634775621,-0.034717350049,0.0,505.98455612947055,506.7406916988815,505.91406017869804,504.30465951522416
1.1400000000000006,0.107733304214,-0.0416085126649,11.2558829976,6.26162236544,6.22795444727,0.0,0.343852752625,-0.136433643697,2.46127722349,0.0064596851287,-0.0296269483371,0.0,441.5234322669471,441.9427586786435,441.40787685082677,444.1984475671249
1.2000000000000006,0.12952377617,-0.0502436598161,11.4067803687,6.26167576687,6.22648696893,0.0,0.382645966013,-0.151373495063,2.56838510909,-0.0136051064938,-0.0157304876931,0.0,445.1166466599689,446.25229389807976,445.9847721575536,444.3429562636057
1.2600000000000007,0.153491306847,-0.0597104737642,11.5609838533,6.26148728526,6.22572082904,0.0,0.41634239399,-0.16422624325,2.57171304732,0.0122262649011,-0.00742149796877,0.0,412.51297865885067,413.246143740905,410.36044652376887,412.6470967924032
1.3200000000000007,0.179564991639,-0.0699739866701,11.7166508862,6.26287007358,6.22519024397,0.0,0.452816220757,-0.177784276028,2.61707901899,0.0388003170181,-0.0118496973853,0.0,426.21280078863174,425.83429087981983,425.2921195491119,427.5622128017751
1.3800000000000008,0.208095898586,-0.0811084082859,11.8794818387,6.26487068416,6.22443261142,0.0,0.498268004507,-0.193100543949,2.81015632301,0.0192459301084,-0.0142293987917,0.0,471.68295161259346,471.49927185402015,473.87707374387884,472.3719232775394
1.4400000000000008,0.239150680344,-0.0930522542714,12.0501534229,6.26605477369,6.22329948012,0.0,0.536971145618,-0.204911324902,2.87871534889,0.0206950357897,-0.0303670715876,0.0,434.1790967684204,432.82305903144385,436.4600397023522,436.5809383433355
1.5000000000000009,0.272690942652,-0.105720079287,12.2272369946,6.26688826483,6.22174293446,0.0,0.581192202152,-0.217224835529,3.02367876004,-0.00538212731518,-0.0183064237661,0.0,458.97085720789755,459.92693718420435,460.1371226838845,458.0679973787386
1.560000000000001,0.308682906256,-0.119052892785,12.4092569633,6.26600734231,6.22018615173,0.0,0.618643454575,-0.227241369416,3.04358486193,-0.0494966838519,-0.049151245776,0.0,421.87869038791035,419.2065331616506,422.1424261168949,418.318190685955
1.620000000000001,0.346804120791,-0.132970178703,12.5900918768,6.26294494634,6.21762129315,0.0,0.65228253026,-0.236907086137,2.98437516627,-0.0543190329297,-0.0323079695413,0.0,392.32173515004644,393.88122240564417,393.9021459608981,393.4538810929071
1.680000000000001,0.387349772748,-0.147633628151,12.7729726682,6.25935435385,6.21627610271,0.0,0.699378355378,-0.252226495474,3.11128046184,-0.0741691942201,-0.00769420703463,0.0,452.7216450136561,454.69770792602606,456.0369489314313,454.44601746685873
1.740000000000001,0.430678879502,-0.163274577615,12.962510768,6.25462752478,6.21639475973,0.0,0.744911368913,-0.269594081425,3.20636770426,-0.0901155809625,0.0164602163917,0.0,444.03492326944627,446.0120866223246,446.3592492335928,445.05088166763323
1.8000000000000012,0.476639061223,-0.180016125676,13.1563720987,6.25012373506,6.21707444299,0.0,0.786994235468,-0.288911812111,3.25551782386,-0.0551568085975,-0.00167781794289,0.0,432.1180489766172,430.5861861662834,429.8157377916989,432.7632378459082
1.8600000000000012,0.525141504152,-0.198011244704,13.3536102767,6.24685411352,6.21714242664,0.0,0.829733030139,-0.311237165171,3.31888171999,-0.0531998872742,0.00623363912643,0.0,435.3317995602916,435.9932998035415,436.76864675078747,436.9297921324763
1.9200000000000013,0.576528927616,-0.21759090984,13.5595688918,6.24313407795,6.21734327733,0.0,0.883089597957,-0.341795135906,3.54569561232,-0.0923843588215,-0.00316062786604,0.0,486.18369299193904,485.47925793184857,488.18887346124427,485.2532475457282
1.9800000000000013,0.630558371463,-0.238760773462,13.7707279573,6.23783140606,6.21712056922,0.0,0.917908334404,-0.3643034666,3.49307187319,-0.0813793059306,-0.00483764649316,0.0,399.5091534142352,399.35627416578603,399.0197056493788,400.01565343833784
2.0400000000000014,0.686895719475,-0.261516322536,13.9819999183,6.23280702887,6.21693091133,0.0,0.9600029537,-0.394679232337,3.54911233222,-0.0889323468943,-2.24085303549e-06,0.0,435.2047307316349,435.60935038845804,436.1809403527028,435.54375999225545
2.1000000000000014,0.745795258786,-0.286221296284,14.1971780112,6.22770580387,6.21735540414,0.0,1.00326315771,-0.429319225823,3.62321340917,-0.0781671058248,0.0184057918824,0.0,440.6828354215533,442.20182838282454,441.84893942063866,442.72957110662713
2.1600000000000015,0.80712976143,-0.312977397482,14.4145763449,6.22418538084,6.21816768588,0.0,1.04112063855,-0.46289665708,3.62336915863,-0.0351332864565,0.00138995144926,0.0,419.66571740408,418.18595530202253,415.92293629968333,419.67180121122993
2.2200000000000015,0.870984525068,-0.342042926775,14.6360138114,6.22264716163,6.21770968852,0.0,1.08733450665,-0.506120151176,3.75741183124,-0.0113574633108,-0.0398568328585,0.0,462.64801223189426,459.3887868129478,460.25546571339675,462.1332671211981
2.2800000000000016,0.937263978194,-0.373394442736,14.8599523285,6.22198896531,6.21529337659,0.0,1.12217270165,-0.538995743023,3.70733489198,-0.0102059471718,-0.0411148920684,0.0,402.5133415806167,402.39844158425444,402.17403227606286,402.27843708079627
2.3400000000000016,1.00595023136,-0.406979667897,15.084955976,6.22129507244,6.21295717358,0.0,1.16757710527,-0.580561148847,3.79245715188,-0.0144315169807,-0.0349029856945,0.0,445.97373336584536,446.48010648226085,447.4065753264229,447.0625093239203
2.4000000000000017,1.07735984671,-0.443035197333,15.3144303313,6.22037129475,6.21065153665,0.0,1.21292646297,-0.621364875989,3.85642348094,-0.0173991525679,-0.0466174745938,0.0,441.4189348923564,440.4503341333081,440.6757416768716,440.43044481756806
2.4600000000000017,1.15170710417,-0.481706112364,15.5500785506,6.218967877,6.20813098048,0.0,1.26555176645,-0.667764060529,3.99796172823,-0.0394069556738,-0.0341007765216,0.0,465.2207835933145,466.19896960752675,465.8392997092394,464.1149767041943
2.520000000000002,1.22925281872,-0.523189965409,15.7940926024,6.21618014562,6.2056567233,0.0,1.31948832849,-0.715270169354,4.13527194511,-0.0668361939133,-0.061985613957,0.0,467.5970622427269,465.4185351021951,464.9874679068482,462.83213332145397
2.580000000000002,1.31024804243,-0.567726150071,16.0483086957,6.21194124437,6.20192069371,0.0,1.38071472402,-0.769697088888,4.33771776192,-0.0796327067646,-0.0628360200023,0.0,485.04292793199164,484.9766153406185,486.76901873367586,485.806977407923
2.640000000000002,1.39472311465,-0.615385190059,16.3112512589,6.20787305333,6.19821227945,0.0,1.43545178083,-0.819347573933,4.42657083349,-0.0509906542467,-0.0598251350595,0.0,453.1194585668046,453.35880446692966,452.43227741857885,454.72903635232774
2.700000000000002,1.48280110459,-0.66631902683,16.5823794075,6.20461755872,6.19498905329,0.0,1.50078652156,-0.878749539785,4.61017500782,-0.0617565053994,-0.0436858339309,0.0,482.461289562861,483.67668310776304,483.0283206119474,482.21393304056005
2.760000000000002,1.57431500767,-0.720403844691,16.8583172247,6.20106362766,6.19221149342,0.0,1.54989076758,-0.924389779771,4.58774828419,-0.0546111070134,-0.0520935956938,0.0,420.751822838291,420.0217584716525,420.0059993916692,420.6226473497173
2.820000000000002,1.66854744247,-0.777041334061,17.1299345234,6.19775019912,6.18912701422,0.0,1.59143044869,-0.963797729969,4.46656770271,-0.0564777423442,-0.0500713504793,0.0,385.2600300414895,385.4490821977235,386.3698853615499,386.19127462315237
2.880000000000002,1.76593285644,-0.836653942685,17.4007944908,6.19417744029,6.18620565728,0.0,1.65498937656,-1.02360759271,4.561587542,-0.0665198981168,-0.046060134277,0.0,457.9108027579003,458.2284328805505,456.90388622776885,456.1000507313319
2.940000000000002,1.86703674238,-0.899793921783,17.6758096287,6.18989774476,6.1831674571,0.0,1.7153664605,-1.08142710893,4.60527249301,-0.0832795575385,-0.0618684167622,0.0,443.12534456715514,441.8220369703921,442.73292914794877,441.3475897759067
3.000000000000002,1.97199646206,-0.96665296599,17.9551684611,6.18489313606,6.1789734093,0.0,1.78361595377,-1.14767459279,4.70608959809,-0.0836724364164,-0.0952259140776,0.0,463.1275922629357,460.492095711322,459.8545593272334,459.8180139074834
3.0600000000000023,2.08146276169,-1.03789111906,18.2435704844,6.18008822452,6.17294999069,0.0,1.86582632986,-1.22740762435,4.90619961367,-0.0737287598409,-0.113488757923,0.0,492.1023959535884,490.74067734757006,491.3573647462037,492.08954714575475
3.1200000000000023,2.19524279728,-1.11331690381,18.5371640476,6.17608307199,6.16618599491,0.0,1.92739639715,-1.28714002497,4.88015734378,-0.0555578364326,-0.111264844535,0.0,423.41399954756884,423.5933321471256,423.51265901025005,425.06925278724356
3.1800000000000024,2.31305099054,-1.19259362874,18.8310397043,6.17317095626,6.15958078648,0.0,2.00011014302,-1.3556806579,4.9153169569,-0.0372787270387,-0.107831025645,0.0,443.5695233646254,443.840734006393,443.76894727246963,445.26554088590774
3.2400000000000024,2.4356745214,-1.27632780119,19.1296389641,6.17067859549,6.1527005162,0.0,2.08793496003,-1.43563704461,5.03718831386,-0.0518199532684,-0.134074178997,0.0,472.74495550286366,470.70681013120816,472.433471642447,471.3099238443656
3.3000000000000025,2.56329724651,-1.36455997519,19.4323784726,6.16762258011,6.14492914308,0.0,2.16682059863,-1.50569373484,5.05377899919,-0.0492179108192,-0.121704219928,0.0,440.79280202680405,441.7984402921617,440.00597592599024,440.21969431605123
3.3600000000000025,2.69580672671,-1.45706702419,19.7362161143,6.16480142788,6.13794552125,0.0,2.25075136759,-1.57811571986,5.07377630856,-0.0429504920055,-0.107470085638,0.0,441.64984202312434,442.8101701103861,442.61874151481965,443.1329854769002
3.4200000000000026,2.83348648949,-1.55398301918,20.0413220983,6.16214462866,6.13161755848,0.0,2.33908929388,-1.6526355489,5.09604860074,-0.047080273191,-0.101735274864,0.0,444.18165271880974,444.64204874882955,443.8834466161282,443.5432312036131
3.4800000000000026,2.97673960972,-1.65554990162,20.3487942795,6.16014569505,6.1251402144,0.0,2.43651687546,-1.73311002868,5.15246764087,-0.0145886211838,-0.124826455272,0.0,455.78848582639364,453.9286356195784,455.25958152316235,457.85176195739723
3.5400000000000027,3.12622488805,-1.76218041713,20.6612397774,6.15965361065,6.1173539878,0.0,2.54697223567,-1.8212354588,5.26152761725,0.00221907147393,-0.142145757621,0.0,473.8197320176676,472.4715982888604,472.39217395755156,473.6867798965475
3.6000000000000028,3.28218368759,-1.87387834122,20.9783453292,6.15974777038,6.10916117024,0.0,2.65234274309,-1.90198422659,5.30809852586,0.000236997312414,-0.127217656624,0.0,455.23330611882534,456.40958226813945,455.43983853308293,455.2812187313812
3.660000000000003,3.44454477041,-1.99037687485,21.2978392573,6.15946309884,6.10174893233,0.0,2.7602886542,-1.98128710212,5.34120803608,-0.0172590298453,-0.117045671618,0.0,451.01770209376986,451.8250167484353,454.29647276660035,452.8912230942271
3.720000000000003,3.61293408225,-2.11126010371,21.6161887626,6.15855034945,6.09459677208,0.0,2.85322443025,-2.04827329016,5.27049255854,-0.0114051542276,-0.123904213805,0.0,419.66306382058457,419.0534211498843,419.1085504607843,419.6172288394511
3.780000000000003,3.78865094023,-2.23724684847,21.9387728709,6.15799028531,6.08670954396,0.0,3.00460621393,-2.15121041432,5.4807981804,-0.0054849001309,-0.154158796778,0.0,507.86494328409304,505.67570337651745,506.3793854889067,506.8052843058033
3.840000000000003,3.97272562368,-2.36885503965,22.2694108178,6.15830779961,6.07738114796,0.0,3.13195813428,-2.23567491164,5.53971239974,0.0210007087423,-0.158237318657,0.0,465.287662696358,464.94648348273785,463.4319413013081,465.5094999754121
3.900000000000003,4.1649461872,-2.50571968913,22.6050998647,6.15944662763,6.06787750383,0.0,3.27615460689,-2.32627294583,5.64885843602,0.0145987306475,-0.158709010888,0.0,481.8040496085679,481.74671465996045,481.83558761609925,481.35118074847026
3.960000000000003,4.36533312302,-2.64762463335,22.9442502868,6.16026696603,6.05797201218,0.0,3.40414978774,-2.40380665034,5.65564988627,0.0117519747662,-0.182584904114,0.0,452.76926052244323,450.8176733269799,452.61753512954283,452.38819823673435
4.020000000000002,4.57322891859,-2.79399083297,23.2822895816,6.16060218097,6.04695704841,0.0,3.52654162607,-2.47504173473,5.61205342106,-0.0110931015433,-0.18565369895,0.0,436.7171541787239,436.4277112787716,438.083357286736,436.1791300359151
4.080000000000001,4.78924965504,-2.94494336828,23.6201668513,6.1597465549,6.03698267468,0.0,3.67492953989,-2.55673254434,5.64971395769,-0.0214968597822,-0.142774275051,0.0,461.7382373624098,465.082571410015,464.54731557577884,463.7307298092712
4.14,5.01400187008,-3.10065370596,23.9589192326,6.15899928424,6.02852991786,0.0,3.81740105744,-2.6336893435,5.64153596423,0.00129923591495,-0.137339629455,0.0,450.9627977064138,451.38352727760986,449.5144681298793,451.3585101666854
4.199999999999998,5.24713122093,-3.26085397547,24.2959922557,6.15898054301,6.0204050723,0.0,3.95414013916,-2.70634792397,5.59398884928,-0.00374812077082,-0.131820922367,0.0,438.41431945721166,438.85552036859536,439.402025748607,438.98329690576816
4.259999999999997,5.48989112974,-3.42602335165,24.6349853198,6.15828843757,6.01235080422,0.0,4.13832138885,-2.79924236505,5.70452388279,-0.0355212143611,-0.139565744659,0.0,489.3368291668282,488.7449687405712,490.9715623380513,488.60807434529755
4.319999999999996,5.7416496739,-3.59580756582,24.972722958,6.15585042501,6.00414893908,0.0,4.2542192328,-2.86047648025,5.5537175831,-0.0535692441214,-0.131508800451,0.0,405.91691708486417,406.6202693404728,407.36667981641193,405.7479947729985
4.379999999999995,6.00245230767,-3.77019434929,25.3082702306,6.15244508856,5.99598315297,0.0,4.43963362063,-2.9526490022,5.6300155383,-0.0640389354,-0.147351451153,0.0,480.80170105464407,479.5838221873031,482.6723654523713,481.8794390882286
4.439999999999993,6.27373843941,-3.94983783172,25.6457055512,6.14908856712,5.98734210583,0.0,4.60376417836,-3.03574316904,5.61715415336,-0.0433283212117,-0.138074069428,0.0,454.88378530491786,455.6074149933936,455.1730104597573,456.8256918951158
4.499999999999992,6.55499597906,-4.13452494847,25.9823042109,6.14726958893,5.97885155803,0.0,4.77196912543,-3.12065890581,5.60215848071,-0.0123127430173,-0.149448541336,0.0,457.11473377217277,456.18899996550914,454.82031380828397,457.2978091069268
4.559999999999991,6.84760827335,-4.32482775452,26.3215165771,6.14766046944,5.96985395946,0.0,4.98221776059,-3.22265797914,5.70348738933,0.0295597300753,-0.151001668602,0.0,494.57329252656217,494.4402112673242,492.23829866824053,495.3279883402795
4.6199999999999894,7.15227060572,-4.52094315853,26.6645357717,6.14922398905,5.96115782353,0.0,5.17365630812,-3.31433846478,5.72956914367,0.0179305431545,-0.134960596227,0.0,473.0430846396002,474.25864310627344,474.4681277256339,473.5743171416615
4.679999999999988,7.46738120078,-4.72208006869,27.0056139596,6.1499345763,5.95312234988,0.0,5.33050862992,-3.39023336588,5.63957721026,-0.00453911508574,-0.131931191044,0.0,438.05614652865205,438.2912544167816,438.1246929628285,436.251849205683
4.739999999999987,7.79184450477,-4.92771980134,27.3408237779,6.1495717915,5.94520741413,0.0,5.4853973624,-3.46452995336,5.53401775935,-0.00924573314382,-0.131884457096,0.0,433.0557964466356,433.04324085488054,432.4510486156778,432.054387748167
4.799999999999986,8.12639601165,-5.13810527248,27.6716568443,6.14905364107,5.93744006559,0.0,5.66668400034,-3.54838456966,5.49321087117,-0.0074431111599,-0.124998513109,0.0,454.5932959238601,455.1299486293494,454.6857411506282,454.83029800434605
4.859999999999984,8.47125625482,-5.35329897282,27.9981840691,6.14827553243,5.93003573101,0.0,5.82904798392,-3.62486316139,5.39091307042,-0.0273068565685,-0.120399082703,0.0,434.87770708036106,435.2487471621664,436.06142294737094,434.398471794368
4.919999999999983,8.82621712387,-5.57321459644,28.3193039491,6.14721443222,5.92268406795,0.0,6.00330531587,-3.705811814,5.31276419094,-0.00326092657976,-0.127161576144,0.0,443.81964532927,443.25042825617686,443.03612938300313,445.00940839555005
4.979999999999982,9.19108142578,-5.79778942748,28.6340514292,6.1480486166,5.91531951713,0.0,6.15924579946,-3.78011098394,5.17890794263,0.035628128834,-0.11512066453,0.0,424.8781547862872,425.8950845341324,422.98134893382667,426.3183725977999
5.0399999999999805,9.56605648381,-6.02706772092,28.9425219618,6.14975643007,5.90866952617,0.0,6.34018172268,-3.86243875439,5.10319297287,0.00758226148985,-0.103408373954,0.0,443.46026345095896,444.4106185383406,447.3750137166478,445.08507742987126
